-7.35021e-17
1.19415e-17
-7.01826e-17
0.5
1
0.5
-1.05799e-16
-2.9564e-17
-2.89711e-17
-1.19137e-16
1.05279e-16
1.00754e-16
7.19131e-17
2.56507e-17
-4.75118e-17
6.97379e-17
-6.79515e-17
-4.70798e-17
-6.23255e-17
-3.23253e-17
-3.4544e-16
-7.39866e-17
-1.24943e-16
8.54123e-17
-7.91036e-17
3.74739e-16
4.69323e-16
-5.80802e-17
-3.96992e-16
-1.02055e-17
3.01287e-16
-4.90432e-17
1.3056e-16
-1.02173e-16
-5.00711e-17
-1.07174e-16
-3.88655e-16
3.13362e-16
5.71713e-16
1.1696e-16
1.28745e-17
-2.88989e-16
-1.53097e-16
-1.01204e-16
1.24953e-16
-2.35108e-16
-4.25328e-16
-6.39126e-16
-2.97902e-16
1.2898e-16
7.17867e-16
2.80539e-16
-3.39732e-16
-1.60689e-16
-4.28911e-16
-8.96137e-16
-2.22143e-16
-7.0687e-16
7.56113e-16
-2.91167e-16
5.00623e-16
-2.23496e-16
9.65512e-16
6.66642e-17
-8.27682e-17
1.01085e-17
1.60295e-16
2.95797e-17
-5.57716e-17
-2.50322e-16
-8.72584e-17
1.46562e-16
-2.84481e-16
4.35858e-16
-5.59677e-16
-2.15193e-17
-3.69268e-16
-4.71491e-16
7.16375e-16
1.39227e-15
-3.69606e-16
-5.60789e-16
1.24855e-15
5.87812e-16
-6.31387e-17
2.89633e-16
3.44044e-16
-2.58379e-16
1.23028e-16
-1.41905e-15
-1.96143e-16
4.55434e-16
5.05152e-16
-8.91304e-16
-1.4614e-16
-1.08514e-15
-7.73494e-16
1.19517e-16
-3.64946e-16
-5.51388e-16
-8.31152e-16
-1.12642e-15
7.82276e-16
6.81911e-16
1.14832e-17
-7.32827e-16
-8.18734e-16
-5.56669e-16
9.6987e-17
2.73975e-16
7.34365e-16
2.19619e-17
1.25262e-15
-2.42057e-17
-7.29609e-17
6.26003e-16
-3.15969e-17
3.87316e-16
5.18583e-16
-3.36912e-16
-3.31546e-16
8.7162e-16
5.11809e-16
-2.63403e-16
-5.09761e-16
-7.9907e-16
3.03505e-16
2.76562e-15
6.57421e-16
-1.02614e-15
3.41848e-16
1.06808e-15
6.28772e-16
-6.65914e-16
8.59586e-16
-1.19194e-15
6.86239e-16
7.40738e-16
3.13629e-16
-6.75776e-16
-3.58204e-16
1.20288e-15
-3.8746e-16
5.51575e-16
6.50786e-16
5.32215e-16
-1.36388e-15
-1.9306e-16
-1.74492e-15
-1.7146e-16
-6.53982e-16
5.27014e-16
6.00647e-16
1.83645e-15
1.72523e-16
1.37338e-16
7.88718e-16
2.79211e-15
-1.55375e-15
-1.17287e-15
7.70849e-16
-1.85809e-15
-1.14516e-15
9.42119e-16
4.04285e-16
-1.12713e-15
-3.31119e-16
-4.19057e-17
1.14551e-15
-1.2467e-15
3.67217e-15
1.34746e-15
-3.55144e-16
-5.39807e-16
-2.78986e-16
-3.17716e-16
-1.59773e-15
1.982e-16
1.59238e-15
3.35974e-16
2.41956e-16
1.34671e-15
3.79776e-15
-1.44442e-15
-3.02736e-15
1.53302e-15
2.9999e-15
1.38588e-15
1.70577e-15
-8.63014e-16
5.75129e-16
1.178e-15
2.3817e-16
-1.21761e-15
-6.43326e-16
1.41623e-15
1.73218e-15
-1.38476e-15
-1.42236e-15
-1.0243e-15
6e-15
5.89979e-15
25596e+61
-9.25596e+61
-9.25596e+61
-9.25596e+61
-9.25596e+61
-9.25596e+61
-9.25596e+61
-9.25596e+61
-9.25596e+61
