0.00321632
0.0025397
0.0361514
0.425699
0.975775
0.602988
-0.0322504
-0.0192766
0.0112203
-0.00975994
0.00827564
-0.00231169
-9.68784e-06
0.000129018
0.000471368
-0.00134046
0.000629697
0.000228749
-0.000174804
-2.35879e-05
0.000449492
-0.0003698
-0.000141407
0.000129027
-3.0022e-05
-0.000195358
0.000232909
4.60018e-05
-0.00012886
1.24911e-05
8.13766e-05
-0.000161128
3.65755e-06
0.00011528
-7.95841e-06
-3.56446e-05
0.000111842
-2.77463e-05
-9.1925e-05
1.60948e-05
2.01951e-05
-7.80349e-05
3.40392e-05
6.19519e-05
-3.22948e-05
-2.00083e-05
5.14604e-05
-3.59632e-05
-3.85422e-05
4.16695e-05
1.74718e-05
-3.65884e-05
3.31853e-05
2.15979e-05
-4.29303e-05
-9.64327e-06
3.08928e-05
-2.79648e-05
-1.05497e-05
3.7871e-05
-1.83914e-06
-3.07002e-05
2.14604e-05
2.23109e-06
-3.22028e-05
1.05999e-05
2.8823e-05
-1.83105e-05
2.3036e-06
2.67923e-05
-1.53414e-05
-2.34578e-05
1.91113e-05
-3.68174e-06
-2.19381e-05
1.68774e-05
1.57928e-05
-2.21374e-05
3.29165e-06
1.72256e-05
-1.76949e-05
-9.26482e-06
2.35542e-05
-4.32049e-06
-1.41181e-05
1.79591e-05
4.63646e-06
-2.23808e-05
7.49852e-06
1.27688e-05
-1.76334e-05
-1.2433e-06
1.97644e-05
-1.14833e-05
-1.20208e-05
1.69756e-05
-2.03948e-06
-1.77288e-05
1.3958e-05
9.80531e-06
-1.72299e-05
4.96718e-06
1.64862e-05
-1.46361e-05
-5.8829e-06
1.85381e-05
-7.27114e-06
-1.51471e-05
1.49926e-05
1.89831e-06
-1.95237e-05
9.56188e-06
1.31609e-05
-1.64233e-05
4.97533e-07
1.87141e-05
-1.27908e-05
-1.08255e-05
1.88399e-05
-1.5291e-06
-1.64005e-05
1.67897e-05
8.37126e-06
-2.10863e-05
3.25506e-06
1.49206e-05
-1.95604e-05
-4.62839e-06
2.30048e-05
-6.85406e-06
-1.5664e-05
1.99785e-05
-1.1141e-06
-2.47141e-05
1.22531e-05
1.79774e-05
-1.90666e-05
8.12021e-06
2.61018e-05
-1.81364e-05
-1.87673e-05
2.07457e-05
-1.29562e-05
-2.4727e-05
2.51146e-05
1.6721e-05
-2.69081e-05
1.44242e-05
1.98633e-05
-3.31077e-05
-1.12291e-05
3.72437e-05
-1.43263e-05
-1.29931e-05
4.14996e-05
3.29311e-06
-4.75489e-05
1.98971e-05
1.08409e-05
-4.49371e-05
1.03484e-05
5.72653e-05
-3.49814e-05
-1.5671e-05
4.22611e-05
-3.0356e-05
-6.49549e-05
6.25133e-05
2.56674e-05
-3.60045e-05
5.69218e-05
7.22008e-05
-9.87924e-05
-2.53342e-05
4.36713e-05
-7.71378e-05
-6.78078e-05
0.000153312
4.04824e-06
-7.59636e-05
8.90051e-05
4.84462e-05
-0.000234767
6.50912e-05
0.000149909
-9.41091e-05
-2.94186e-06
0.000385629
-0.000216123
-0.000241147
0.000181397
-3.78344e-06
-0.000628201
0.000732016
0.000385104
-0.000519558
-8.61094e-05
0.00128378
-0.00339396
-5.83957e-05
